[2.70000000e+01 4.00000000e+01 0.00000000e+00 0.00000000e+00
 0.00000000e+00 0.00000000e+00 0.00000000e+00 0.00000000e+00
 8.35248157e-02 2.48545066e-01 2.70068645e-01 6.01280630e-01
 0.00000000e+00 0.00000000e+00 1.23764649e-01 0.00000000e+00
 2.39547044e-01 2.42647871e-01 4.02080476e-01 7.14829713e-02
 0.00000000e+00 1.82563365e-02 4.99526203e-01 0.00000000e+00
 3.34190428e-01 4.02659476e-01 0.00000000e+00 0.00000000e+00
 1.32647067e-01 0.00000000e+00 0.00000000e+00 2.27020830e-02
 2.65066385e-01 0.00000000e+00 3.27694833e-01 0.00000000e+00
 0.00000000e+00 5.26868343e-01 0.00000000e+00 1.31531820e-01
 0.00000000e+00 5.46186209e-01 0.00000000e+00 1.39636099e-02
 0.00000000e+00 0.00000000e+00 0.00000000e+00 0.00000000e+00
 1.78406119e-01 0.00000000e+00 0.00000000e+00 2.37145215e-01
 9.75423902e-02 0.00000000e+00 1.49385303e-01 0.00000000e+00
 0.00000000e+00 6.86742485e-01 0.00000000e+00 0.00000000e+00
 4.51202214e-01 5.25662899e-01 1.60301581e-01 0.00000000e+00
 3.93708274e-02 0.00000000e+00 1.77731469e-01 0.00000000e+00
 2.57062852e-01 3.83380920e-01 6.73621416e-01 0.00000000e+00
 0.00000000e+00 0.00000000e+00 0.00000000e+00 2.63210714e-01
 2.54988462e-01 3.93349171e-01 0.00000000e+00 0.00000000e+00
 0.00000000e+00 1.98091418e-01 1.93692073e-02 4.71077979e-01
 5.43545604e-01 1.16485208e-02 0.00000000e+00 0.00000000e+00
 1.60885438e-01 3.57606173e-01 3.04583699e-01 0.00000000e+00
 1.85045913e-01 0.00000000e+00 0.00000000e+00 3.63536716e-01
 4.47209835e-01 0.00000000e+00 8.48509297e-02 0.00000000e+00
 0.00000000e+00 0.00000000e+00 0.00000000e+00 0.00000000e+00
 1.07755542e+00 0.00000000e+00 8.22096348e-01 4.06840205e-01
 1.67852521e-01 0.00000000e+00 0.00000000e+00 0.00000000e+00
 0.00000000e+00 0.00000000e+00 0.00000000e+00 3.71952057e-02
 0.00000000e+00 0.00000000e+00 0.00000000e+00 2.60815978e-01
 0.00000000e+00 0.00000000e+00 2.44123429e-01 8.38652253e-02
 1.00701952e+00 0.00000000e+00 0.00000000e+00 3.31586421e-01
 4.20765817e-01 2.59415895e-01 0.00000000e+00 7.96195924e-01
 0.00000000e+00 2.34070510e-01 0.00000000e+00 3.33333333e-02]
[2.70000000e+01 4.00000000e+01 4.00000000e+00 5.00000000e+01
 2.50000000e+01 0.00000000e+00 0.00000000e+00 0.00000000e+00
 0.00000000e+00 4.17492658e-01 3.47627133e-01 0.00000000e+00
 5.69896758e-01 0.00000000e+00 5.23560047e-01 2.15252325e-01
 0.00000000e+00 8.13485682e-03 6.71931207e-02 3.28430682e-01
 0.00000000e+00 3.21990699e-02 8.28110650e-02 4.36028004e-01
 0.00000000e+00 0.00000000e+00 1.27007961e-01 0.00000000e+00
 0.00000000e+00 6.23222068e-02 0.00000000e+00 0.00000000e+00
 1.08130738e-01 0.00000000e+00 0.00000000e+00 0.00000000e+00
 0.00000000e+00 3.72713506e-01 3.60543728e-01 3.97135645e-01
 6.97883666e-02 2.82557398e-01 0.00000000e+00 3.64206135e-02
 8.40699822e-02 0.00000000e+00 0.00000000e+00 0.00000000e+00
 3.67423832e-01 0.00000000e+00 5.99768221e-01 3.33247453e-01
 0.00000000e+00 5.49684703e-01 0.00000000e+00 0.00000000e+00
 0.00000000e+00 2.41982684e-01 0.00000000e+00 3.46912861e-01
 2.06610620e-01 2.63648957e-01 0.00000000e+00 2.70369425e-02
 0.00000000e+00 5.49087882e-01 3.27118635e-02 2.04408646e-01
 0.00000000e+00 1.59846425e-01 0.00000000e+00 0.00000000e+00
 1.69360414e-01 0.00000000e+00 0.00000000e+00 1.45921126e-01
 5.52650273e-01 0.00000000e+00 0.00000000e+00 3.16404290e-02
 0.00000000e+00 0.00000000e+00 0.00000000e+00 0.00000000e+00
 0.00000000e+00 7.63372183e-01 3.77609342e-01 0.00000000e+00
 0.00000000e+00 0.00000000e+00 0.00000000e+00 2.19621927e-01
 0.00000000e+00 1.51418984e-01 6.60755187e-02 5.91495931e-01
 0.00000000e+00 0.00000000e+00 0.00000000e+00 2.69485712e-01
 0.00000000e+00 1.10740662e+00 1.44164562e-02 0.00000000e+00
 0.00000000e+00 0.00000000e+00 0.00000000e+00 0.00000000e+00
 7.98564970e-01 0.00000000e+00 1.33899510e-01 5.41905686e-02
 0.00000000e+00 3.87620956e-01 6.63217425e-01 9.37168181e-01
 0.00000000e+00 0.00000000e+00 0.00000000e+00 6.31375909e-01
 0.00000000e+00 4.46332037e-01 0.00000000e+00 3.00534964e-02
 0.00000000e+00 7.03158081e-02 0.00000000e+00 0.00000000e+00
 5.59691727e-01 0.00000000e+00 0.00000000e+00 0.00000000e+00
 0.00000000e+00 5.48382223e-01 3.73610556e-01 3.33333333e-02]
[2.70000000e+01 4.00000000e+01 4.00000000e+00 5.00000000e+01
 2.50000000e+01 0.00000000e+00 0.00000000e+00 0.00000000e+00
 0.00000000e+00 0.00000000e+00 0.00000000e+00 2.50216901e-01
 1.20848611e-01 6.04316354e-01 0.00000000e+00 0.00000000e+00
 4.61582616e-02 1.07292801e-01 0.00000000e+00 3.98578942e-02
 2.86258906e-01 5.51640570e-01 0.00000000e+00 0.00000000e+00
 0.00000000e+00 1.17031932e-02 0.00000000e+00 4.86957759e-01
 0.00000000e+00 9.58822966e-02 3.61047983e-02 2.26877645e-01
 0.00000000e+00 0.00000000e+00 0.00000000e+00 3.02979201e-01
 1.85640708e-01 0.00000000e+00 3.08266580e-01 0.00000000e+00
 0.00000000e+00 4.87993717e-01 0.00000000e+00 5.05174175e-02
 0.00000000e+00 3.26997787e-02 0.00000000e+00 0.00000000e+00
 1.12961084e-02 0.00000000e+00 0.00000000e+00 0.00000000e+00
 0.00000000e+00 0.00000000e+00 2.44760156e-01 1.55130625e-01
 0.00000000e+00 0.00000000e+00 0.00000000e+00 4.95025605e-01
 0.00000000e+00 0.00000000e+00 0.00000000e+00 0.00000000e+00
 4.59363103e-01 0.00000000e+00 0.00000000e+00 3.42599690e-01
 3.33076954e-01 2.04051912e-01 0.00000000e+00 0.00000000e+00
 1.12261724e+00 0.00000000e+00 0.00000000e+00 8.18807781e-01
 0.00000000e+00 7.62249455e-02 3.27085435e-01 0.00000000e+00
 0.00000000e+00 0.00000000e+00 0.00000000e+00 0.00000000e+00
 0.00000000e+00 7.51136243e-03 4.91894811e-01 0.00000000e+00
 3.15654576e-02 7.89844155e-01 0.00000000e+00 7.65916169e-01
 0.00000000e+00 0.00000000e+00 0.00000000e+00 1.67540237e-02
 0.00000000e+00 0.00000000e+00 0.00000000e+00 4.87812817e-01
 1.49733096e-01 4.45242167e-01 4.70859110e-02 8.67142439e-01
 3.27476114e-01 2.47964993e-01 1.05585754e-01 2.02110171e-01
 9.01392817e-01 0.00000000e+00 0.00000000e+00 0.00000000e+00
 0.00000000e+00 0.00000000e+00 4.48053852e-02 5.49760818e-01
 6.69938549e-02 1.46517932e-01 2.56008446e-01 3.09933424e-01
 0.00000000e+00 0.00000000e+00 2.20385179e-01 0.00000000e+00
 0.00000000e+00 0.00000000e+00 0.00000000e+00 1.48942679e-01
 4.61826250e-02 1.02772802e-01 0.00000000e+00 3.95772643e-02
 7.13905245e-02 0.00000000e+00 0.00000000e+00 5.33333333e-02]
[2.00000000e+01 3.80000000e+01 0.00000000e+00 0.00000000e+00
 0.00000000e+00 0.00000000e+00 0.00000000e+00 3.46574664e-01
 2.04893485e-01 0.00000000e+00 0.00000000e+00 0.00000000e+00
 2.51405895e-01 3.99445891e-01 0.00000000e+00 9.03962135e-01
 0.00000000e+00 5.30034229e-02 3.68465990e-01 1.22827679e-01
 1.94811076e-01 1.08141340e-01 0.00000000e+00 3.55636179e-01
 0.00000000e+00 3.55648756e-01 0.00000000e+00 0.00000000e+00
 2.64800400e-01 0.00000000e+00 0.00000000e+00 0.00000000e+00
 0.00000000e+00 2.77096212e-01 0.00000000e+00 0.00000000e+00
 0.00000000e+00 4.07770872e-01 0.00000000e+00 0.00000000e+00
 0.00000000e+00 0.00000000e+00 2.10719436e-01 0.00000000e+00
 0.00000000e+00 0.00000000e+00 6.58535510e-02 0.00000000e+00
 2.68273592e-01 0.00000000e+00 4.44077432e-01 0.00000000e+00
 3.38001370e-01 0.00000000e+00 4.72831354e-02 1.54314473e-01
 0.00000000e+00 5.96302271e-01 9.60096866e-02 1.34217203e-01
 3.76691222e-01 3.27793986e-01 3.25363219e-01 2.70069420e-01
 5.52379936e-02 0.00000000e+00 2.02064425e-01 1.90791234e-01
 0.00000000e+00 1.48436457e-01 1.63666785e-01 2.84388185e-01
 0.00000000e+00 3.55374962e-01 5.81089139e-01 0.00000000e+00
 0.00000000e+00 0.00000000e+00 4.30234075e-02 0.00000000e+00
 0.00000000e+00 6.66733682e-01 3.23104113e-02 0.00000000e+00
 0.00000000e+00 6.04605675e-02 4.98098731e-01 0.00000000e+00
 0.00000000e+00 0.00000000e+00 1.36416554e-01 3.43074560e-01
 0.00000000e+00 0.00000000e+00 5.56675076e-01 0.00000000e+00
 8.30342114e-01 1.08495438e+00 9.01107192e-02 0.00000000e+00
 0.00000000e+00 2.24082530e-01 3.22453231e-01 0.00000000e+00
 1.46333739e-01 5.65979481e-01 0.00000000e+00 7.90038183e-02
 0.00000000e+00 0.00000000e+00 2.25581452e-01 1.65621936e-01
 5.62022328e-01 1.77727535e-01 0.00000000e+00 1.74900964e-01
 0.00000000e+00 0.00000000e+00 4.75680053e-01 2.13946596e-01
 4.60523635e-01 4.64430988e-01 1.16257951e-01 2.61263669e-01
 0.00000000e+00 6.16227329e-01 0.00000000e+00 3.15520108e-01
 2.72529185e-01 0.00000000e+00 2.91682631e-01 0.00000000e+00
 7.23158240e-01 0.00000000e+00 0.00000000e+00 2.00000000e-02]
[1.70000000e+01 3.50000000e+01 0.00000000e+00 0.00000000e+00
 0.00000000e+00 0.00000000e+00 0.00000000e+00 0.00000000e+00
 0.00000000e+00 0.00000000e+00 7.31388032e-02 0.00000000e+00
 0.00000000e+00 1.73888296e-01 0.00000000e+00 0.00000000e+00
 1.86168402e-01 1.80779889e-01 0.00000000e+00 0.00000000e+00
 1.41160309e-01 1.54684365e-01 4.57975388e-01 5.40288508e-01
 1.45976618e-02 0.00000000e+00 2.75608987e-01 2.84960717e-02
 0.00000000e+00 0.00000000e+00 2.77007222e-01 4.82325733e-01
 0.00000000e+00 3.19298744e-01 0.00000000e+00 2.83889294e-01
 0.00000000e+00 1.57186180e-01 1.88273698e-01 0.00000000e+00
 0.00000000e+00 0.00000000e+00 6.06475547e-02 0.00000000e+00
 0.00000000e+00 4.06924188e-01 0.00000000e+00 1.60071820e-01
 0.00000000e+00 0.00000000e+00 0.00000000e+00 1.21456817e-01
 0.00000000e+00 0.00000000e+00 2.30538771e-02 0.00000000e+00
 0.00000000e+00 3.07631552e-01 0.00000000e+00 4.51331258e-01
 0.00000000e+00 2.28847980e-01 1.35090545e-01 5.47214031e-01
 0.00000000e+00 0.00000000e+00 4.21061814e-01 0.00000000e+00
 0.00000000e+00 3.01230133e-01 0.00000000e+00 1.22471824e-01
 0.00000000e+00 1.11209854e-01 1.28643483e-01 5.16077876e-02
 1.84895396e-01 3.53659131e-02 9.43083465e-02 1.49116486e-01
 2.08043959e-02 1.12505741e-01 0.00000000e+00 0.00000000e+00
 0.00000000e+00 2.01031864e-01 0.00000000e+00 0.00000000e+00
 0.00000000e+00 9.16663036e-02 1.91608876e-01 5.08601964e-01
 4.36548404e-02 1.95680007e-01 0.00000000e+00 0.00000000e+00
 7.61094689e-03 1.06057093e-01 8.28164220e-02 0.00000000e+00
 0.00000000e+00 0.00000000e+00 0.00000000e+00 0.00000000e+00
 0.00000000e+00 0.00000000e+00 1.14445776e-01 0.00000000e+00
 3.18458676e-03 3.82008791e-01 0.00000000e+00 0.00000000e+00
 0.00000000e+00 5.66756651e-02 2.22964793e-01 0.00000000e+00
 0.00000000e+00 0.00000000e+00 1.44322813e-01 8.24618042e-02
 7.24248767e-01 2.00696722e-01 1.16066262e-02 0.00000000e+00
 0.00000000e+00 0.00000000e+00 0.00000000e+00 0.00000000e+00
 0.00000000e+00 1.46303639e-01 7.24101961e-02 3.16611111e-01
 0.00000000e+00 0.00000000e+00 0.00000000e+00 2.00000000e-02]
[1.40000000e+01 2.60000000e+01 0.00000000e+00 0.00000000e+00
 0.00000000e+00 0.00000000e+00 0.00000000e+00 4.26404893e-01
 0.00000000e+00 3.53984475e-01 2.52286971e-01 0.00000000e+00
 4.22760367e-01 0.00000000e+00 0.00000000e+00 0.00000000e+00
 8.04039612e-02 0.00000000e+00 7.24872574e-02 6.05166405e-02
 4.84497041e-01 2.57284015e-01 0.00000000e+00 3.14282447e-01
 9.33271497e-02 0.00000000e+00 0.00000000e+00 2.46198311e-01
 0.00000000e+00 5.47632694e-01 0.00000000e+00 1.40857652e-01
 0.00000000e+00 5.52622199e-01 1.05143785e-01 1.95219666e-01
 0.00000000e+00 0.00000000e+00 9.21916962e-02 2.70885900e-02
 4.05789912e-03 0.00000000e+00 5.22501886e-01 0.00000000e+00
 0.00000000e+00 4.35114577e-02 7.17228055e-02 0.00000000e+00
 0.00000000e+00 0.00000000e+00 0.00000000e+00 4.76502776e-02
 0.00000000e+00 2.14582264e-01 2.30652496e-01 3.03988278e-01
 4.08147544e-01 0.00000000e+00 2.60988623e-02 0.00000000e+00
 0.00000000e+00 7.32766211e-01 0.00000000e+00 0.00000000e+00
 2.63708889e-01 3.50885391e-02 2.19083101e-01 1.93999410e-02
 1.10715657e-01 0.00000000e+00 1.55367061e-01 1.80983320e-01
 0.00000000e+00 0.00000000e+00 0.00000000e+00 8.77917111e-01
 4.60411727e-01 0.00000000e+00 6.86526537e-01 0.00000000e+00
 1.45677850e-02 3.49944919e-01 0.00000000e+00 7.66531110e-01
 3.36277097e-01 2.48609632e-01 2.38240823e-01 0.00000000e+00
 7.76907951e-02 9.88962293e-01 0.00000000e+00 0.00000000e+00
 4.02548313e-01 3.44119310e-01 0.00000000e+00 9.28036869e-02
 0.00000000e+00 3.59209210e-01 4.42370921e-01 0.00000000e+00
 2.79225588e-01 0.00000000e+00 0.00000000e+00 6.35192469e-02
 8.57451558e-03 0.00000000e+00 0.00000000e+00 0.00000000e+00
 1.12711012e-01 2.99269184e-02 8.19108039e-02 2.57504761e-01
 1.31937355e-01 4.72566932e-02 0.00000000e+00 0.00000000e+00
 0.00000000e+00 3.85706216e-01 0.00000000e+00 2.58823216e-01
 0.00000000e+00 8.22098553e-03 2.56690651e-01 0.00000000e+00
 0.00000000e+00 0.00000000e+00 0.00000000e+00 5.25996923e-01
 0.00000000e+00 0.00000000e+00 0.00000000e+00 1.05002284e+00
 2.54460797e-02 9.26853120e-02 0.00000000e+00 3.33333333e-02]
[1.40000000e+01 2.60000000e+01 5.10000000e+01 1.90000000e+01
 3.80000000e+01 0.00000000e+00 0.00000000e+00 0.00000000e+00
 0.00000000e+00 6.43991679e-03 0.00000000e+00 0.00000000e+00
 0.00000000e+00 3.78485113e-01 6.53591305e-02 1.95869505e-02
 0.00000000e+00 1.55049831e-01 0.00000000e+00 0.00000000e+00
 4.79646236e-01 0.00000000e+00 2.36080885e-01 0.00000000e+00
 4.57729101e-02 2.10200116e-01 1.60399601e-01 5.69388330e-01
 0.00000000e+00 0.00000000e+00 3.46638039e-02 0.00000000e+00
 0.00000000e+00 0.00000000e+00 3.57387662e-01 0.00000000e+00
 0.00000000e+00 9.21600908e-02 3.95367235e-01 8.12872127e-02
 0.00000000e+00 4.25006002e-01 0.00000000e+00 0.00000000e+00
 1.29257888e-01 0.00000000e+00 0.00000000e+00 1.92595005e-01
 3.67096603e-01 4.32373762e-01 2.03989327e-01 0.00000000e+00
 1.53816938e-01 0.00000000e+00 0.00000000e+00 5.56478649e-02
 0.00000000e+00 0.00000000e+00 0.00000000e+00 2.53356099e-02
 0.00000000e+00 0.00000000e+00 0.00000000e+00 1.20507032e-01
 0.00000000e+00 5.46285152e-01 3.32894176e-02 1.54704899e-02
 0.00000000e+00 1.59416705e-01 0.00000000e+00 0.00000000e+00
 1.22675991e+00 2.19689414e-01 4.02684629e-01 0.00000000e+00
 8.88251290e-02 3.11613411e-01 6.01702988e-01 6.13634527e-01
 7.54987955e-01 3.10544163e-01 0.00000000e+00 0.00000000e+00
 0.00000000e+00 1.56222492e-01 2.59002447e-01 0.00000000e+00
 0.00000000e+00 0.00000000e+00 0.00000000e+00 1.36925191e-01
 0.00000000e+00 1.73501164e-01 0.00000000e+00 0.00000000e+00
 5.93394078e-02 0.00000000e+00 4.64511991e-01 1.50355220e-01
 4.77162778e-01 0.00000000e+00 0.00000000e+00 0.00000000e+00
 0.00000000e+00 0.00000000e+00 6.32965028e-01 1.25210330e-01
 0.00000000e+00 0.00000000e+00 0.00000000e+00 0.00000000e+00
 1.10626504e-01 3.36296409e-01 0.00000000e+00 0.00000000e+00
 9.36437964e-01 4.76258814e-01 0.00000000e+00 1.43100098e-01
 0.00000000e+00 0.00000000e+00 0.00000000e+00 3.29390943e-01
 0.00000000e+00 3.10293078e-01 0.00000000e+00 0.00000000e+00
 1.79208025e-01 0.00000000e+00 0.00000000e+00 1.91165358e-02
 0.00000000e+00 3.14725935e-01 3.49603355e-01 3.33333333e-02]
[1.40000000e+01 2.60000000e+01 5.10000000e+01 1.90000000e+01
 3.80000000e+01 0.00000000e+00 0.00000000e+00 5.63342214e-01
 1.94406226e-01 0.00000000e+00 1.66576028e-01 0.00000000e+00
 0.00000000e+00 4.59583819e-01 3.25353503e-01 0.00000000e+00
 4.50828016e-01 0.00000000e+00 1.22023940e-01 0.00000000e+00
 0.00000000e+00 0.00000000e+00 1.55654311e-01 8.81322771e-02
 0.00000000e+00 1.83220327e-01 0.00000000e+00 0.00000000e+00
 1.76186904e-01 0.00000000e+00 1.19832560e-01 0.00000000e+00
 1.43433750e-01 0.00000000e+00 2.00404361e-01 1.84939310e-01
 0.00000000e+00 2.69580185e-02 0.00000000e+00 0.00000000e+00
 3.84173304e-01 4.39899296e-01 7.86067843e-02 0.00000000e+00
 4.02218729e-01 0.00000000e+00 0.00000000e+00 0.00000000e+00
 0.00000000e+00 4.71740365e-01 2.19419435e-01 2.20373526e-01
 0.00000000e+00 0.00000000e+00 2.73713112e-01 0.00000000e+00
 5.17353773e-01 0.00000000e+00 0.00000000e+00 0.00000000e+00
 0.00000000e+00 0.00000000e+00 2.09758312e-01 0.00000000e+00
 2.60511488e-02 8.81287530e-02 8.47378969e-02 0.00000000e+00
 0.00000000e+00 3.00001085e-01 0.00000000e+00 1.68673381e-01
 0.00000000e+00 4.64425176e-01 5.48200488e-01 9.41458106e-01
 7.09026337e-01 1.13699093e-01 1.68133318e-01 4.58550096e-01
 0.00000000e+00 0.00000000e+00 0.00000000e+00 5.40422678e-01
 0.00000000e+00 0.00000000e+00 6.05939105e-02 2.36334741e-01
 2.62907520e-02 0.00000000e+00 3.17408681e-01 0.00000000e+00
 1.92270234e-01 1.12377131e+00 6.07290566e-01 0.00000000e+00
 0.00000000e+00 0.00000000e+00 7.77516484e-01 3.25830996e-01
 0.00000000e+00 0.00000000e+00 1.48492813e-01 0.00000000e+00
 1.43972069e-01 0.00000000e+00 6.05800986e-01 5.14168143e-01
 0.00000000e+00 0.00000000e+00 5.85866809e-01 0.00000000e+00
 7.97681451e-01 2.78921306e-01 0.00000000e+00 4.99153137e-01
 0.00000000e+00 0.00000000e+00 1.01356968e-01 0.00000000e+00
 2.44596511e-01 5.88341802e-02 0.00000000e+00 6.75444722e-01
 1.40610799e-01 2.51747787e-01 0.00000000e+00 0.00000000e+00
 5.61895847e-01 8.06242406e-01 0.00000000e+00 1.27296627e-01
 0.00000000e+00 0.00000000e+00 2.31831864e-01 6.66666667e-02]
[5.10000000e+01 3.70000000e+01 0.00000000e+00 0.00000000e+00
 0.00000000e+00 0.00000000e+00 0.00000000e+00 5.29045463e-01
 0.00000000e+00 2.13438988e-01 5.91500103e-03 3.67822170e-01
 1.47993594e-01 0.00000000e+00 5.81816286e-02 0.00000000e+00
 1.07514888e-01 4.07789528e-01 3.42531860e-01 9.34008583e-02
 0.00000000e+00 0.00000000e+00 0.00000000e+00 0.00000000e+00
 0.00000000e+00 1.89678788e-01 0.00000000e+00 3.74490947e-01
 0.00000000e+00 6.37199730e-02 0.00000000e+00 8.87592584e-02
 0.00000000e+00 0.00000000e+00 2.27500618e-01 2.57594526e-01
 0.00000000e+00 0.00000000e+00 1.16855212e-01 1.26078218e-01
 4.57481652e-01 7.30802059e-01 0.00000000e+00 0.00000000e+00
 1.57540679e-01 0.00000000e+00 1.01507455e-02 0.00000000e+00
 0.00000000e+00 1.36566505e-01 0.00000000e+00 0.00000000e+00
 0.00000000e+00 3.04579496e-01 5.83568215e-01 0.00000000e+00
 0.00000000e+00 0.00000000e+00 0.00000000e+00 8.00618112e-01
 4.05232683e-02 4.01817471e-01 3.23941290e-01 4.50138569e-01
 2.93953001e-01 3.79649282e-01 2.32977808e-01 1.43536687e-01
 0.00000000e+00 0.00000000e+00 4.72476453e-01 1.62909150e-01
 6.09031975e-01 0.00000000e+00 3.05990279e-01 0.00000000e+00
 0.00000000e+00 0.00000000e+00 0.00000000e+00 0.00000000e+00
 0.00000000e+00 8.76729712e-02 3.75741422e-02 0.00000000e+00
 1.47568136e-02 9.80920196e-02 2.38828033e-01 0.00000000e+00
 2.09218621e-01 2.09698141e-01 2.43871301e-01 1.90219626e-01
 0.00000000e+00 0.00000000e+00 0.00000000e+00 0.00000000e+00
 0.00000000e+00 0.00000000e+00 2.43730485e-01 4.43649411e-01
 0.00000000e+00 1.55806690e-02 3.71436954e-01 1.93776757e-01
 0.00000000e+00 2.68812031e-02 0.00000000e+00 6.08357072e-01
 2.05284774e-01 0.00000000e+00 2.58665979e-01 0.00000000e+00
 1.26895711e-01 0.00000000e+00 1.77374795e-01 0.00000000e+00
 2.82813191e-01 4.46862400e-01 1.55392230e-01 2.20172763e-01
 0.00000000e+00 0.00000000e+00 0.00000000e+00 0.00000000e+00
 0.00000000e+00 0.00000000e+00 2.87705123e-01 0.00000000e+00
 0.00000000e+00 6.68372810e-02 0.00000000e+00 0.00000000e+00
 0.00000000e+00 0.00000000e+00 1.37469575e-01 3.33333333e-02]
[5.10000000e+01 3.70000000e+01 8.00000000e+00 1.90000000e+01
 2.50000000e+01 0.00000000e+00 0.00000000e+00 0.00000000e+00
 6.81973994e-01 0.00000000e+00 0.00000000e+00 0.00000000e+00
 2.51548767e-01 0.00000000e+00 0.00000000e+00 4.69526947e-01
 4.91302937e-01 0.00000000e+00 0.00000000e+00 0.00000000e+00
 1.51240334e-01 0.00000000e+00 0.00000000e+00 0.00000000e+00
 0.00000000e+00 5.90107501e-01 3.84035707e-02 1.72391132e-01
 8.15736502e-02 0.00000000e+00 0.00000000e+00 1.14286363e-01
 0.00000000e+00 0.00000000e+00 2.64641821e-01 8.68827924e-02
 7.71464556e-02 4.56435144e-01 0.00000000e+00 2.25437626e-01
 0.00000000e+00 0.00000000e+00 4.13161457e-01 1.21932670e-01
 0.00000000e+00 0.00000000e+00 8.84123445e-02 0.00000000e+00
 0.00000000e+00 0.00000000e+00 1.57680526e-01 3.70966315e-01
 0.00000000e+00 2.33381838e-02 0.00000000e+00 3.00347507e-02
 0.00000000e+00 2.16894627e-01 0.00000000e+00 1.86702594e-01
 4.00910854e-01 3.37454259e-01 3.36412430e-01 0.00000000e+00
 1.69030815e-01 3.85010660e-01 0.00000000e+00 1.66495860e-01
 1.06713325e-02 2.50242084e-01 0.00000000e+00 0.00000000e+00
 0.00000000e+00 0.00000000e+00 3.03273320e-01 5.51559329e-01
 1.62961662e-01 6.46121055e-03 0.00000000e+00 1.48698747e-01
 7.83094317e-02 2.18442053e-01 1.76668048e-01 4.99843478e-01
 0.00000000e+00 2.65140712e-01 0.00000000e+00 0.00000000e+00
 0.00000000e+00 0.00000000e+00 1.19861633e-01 2.71235079e-01
 0.00000000e+00 0.00000000e+00 2.69372076e-01 0.00000000e+00
 0.00000000e+00 0.00000000e+00 0.00000000e+00 2.52503693e-01
 0.00000000e+00 0.00000000e+00 0.00000000e+00 3.63066375e-01
 0.00000000e+00 7.40508735e-02 3.27310771e-01 1.89634413e-01
 0.00000000e+00 2.57952809e-01 0.00000000e+00 0.00000000e+00
 0.00000000e+00 5.45833409e-01 1.90913022e-01 1.89573884e-01
 0.00000000e+00 8.34289938e-02 7.62147367e-01 1.23299167e-01
 2.81072974e-01 8.60989764e-02 5.95966578e-01 0.00000000e+00
 7.51774669e-01 1.46528140e-01 0.00000000e+00 0.00000000e+00
 0.00000000e+00 0.00000000e+00 0.00000000e+00 0.00000000e+00
 1.60652623e-01 5.21116674e-01 0.00000000e+00 4.00000000e-02]
[5.10000000e+01 3.70000000e+01 8.00000000e+00 1.90000000e+01
 2.50000000e+01 2.00000000e+01 0.00000000e+00 0.00000000e+00
 6.59956187e-02 2.88879156e-01 2.20847279e-02 0.00000000e+00
 2.49787927e-01 0.00000000e+00 0.00000000e+00 0.00000000e+00
 0.00000000e+00 1.81058049e-02 0.00000000e+00 2.37680659e-01
 2.60170698e-01 0.00000000e+00 4.49861512e-02 1.21392846e-01
 0.00000000e+00 0.00000000e+00 3.01889703e-02 0.00000000e+00
 9.27648693e-02 2.17674956e-01 0.00000000e+00 1.66235447e-01
 2.99303830e-02 4.14619118e-01 0.00000000e+00 0.00000000e+00
 2.08423167e-01 1.74797609e-01 0.00000000e+00 0.00000000e+00
 0.00000000e+00 2.22744450e-01 0.00000000e+00 2.32128739e-01
 0.00000000e+00 6.54642403e-01 9.05180126e-02 0.00000000e+00
 6.09761894e-01 0.00000000e+00 4.50069606e-02 0.00000000e+00
 7.08030760e-01 0.00000000e+00 0.00000000e+00 0.00000000e+00
 4.16278243e-02 2.28507712e-01 4.78988960e-02 4.20020074e-02
 0.00000000e+00 5.52410483e-02 1.86487511e-01 0.00000000e+00
 9.06544775e-02 0.00000000e+00 0.00000000e+00 0.00000000e+00
 1.45890206e-01 3.41308504e-01 0.00000000e+00 3.80213261e-02
 4.21073437e-01 3.11234817e-02 0.00000000e+00 4.89613444e-01
 4.40597057e-01 1.05386421e-01 0.00000000e+00 3.04199383e-02
 0.00000000e+00 8.75145733e-01 6.49925768e-01 1.21345870e-01
 1.66156232e-01 0.00000000e+00 4.84270275e-01 0.00000000e+00
 6.36820376e-01 3.63216639e-01 7.23812580e-02 3.57936800e-01
 0.00000000e+00 0.00000000e+00 1.74109861e-02 0.00000000e+00
 0.00000000e+00 0.00000000e+00 0.00000000e+00 6.80404425e-01
 0.00000000e+00 8.26668322e-01 0.00000000e+00 0.00000000e+00
 0.00000000e+00 0.00000000e+00 0.00000000e+00 6.54061317e-01
 0.00000000e+00 3.63460779e-01 3.45436692e-01 0.00000000e+00
 5.34363568e-01 0.00000000e+00 9.01800215e-01 2.08310261e-01
 0.00000000e+00 0.00000000e+00 0.00000000e+00 2.83453465e-01
 0.00000000e+00 2.13178515e-01 7.20324218e-02 7.88204551e-01
 2.89886057e-01 0.00000000e+00 2.98770934e-01 0.00000000e+00
 0.00000000e+00 0.00000000e+00 0.00000000e+00 1.45128444e-02
 1.46830916e-01 1.33897632e-01 1.95191503e-01 4.00000000e-02]
[5.10000000e+01 3.70000000e+01 8.00000000e+00 1.90000000e+01
 2.50000000e+01 2.00000000e+01 0.00000000e+00 1.48668617e-01
 0.00000000e+00 1.55235916e-01 0.00000000e+00 0.00000000e+00
 0.00000000e+00 1.65088177e-01 8.87546092e-02 3.57023507e-01
 4.10364270e-01 0.00000000e+00 3.06618631e-01 0.00000000e+00
 5.13356507e-01 0.00000000e+00 1.65608346e-01 0.00000000e+00
 3.27578843e-01 1.20765865e-01 1.66830599e-01 0.00000000e+00
 0.00000000e+00 0.00000000e+00 0.00000000e+00 0.00000000e+00
 0.00000000e+00 0.00000000e+00 1.90929323e-02 2.09856957e-01
 2.58626565e-02 0.00000000e+00 5.19733429e-02 1.98052406e-01
 9.71171111e-02 5.82978874e-02 7.24803060e-02 5.80036879e-01
 6.45194054e-01 0.00000000e+00 8.51278245e-01 4.26049531e-01
 0.00000000e+00 0.00000000e+00 4.29625735e-02 0.00000000e+00
 1.78694770e-01 2.64691189e-02 0.00000000e+00 0.00000000e+00
 4.11143243e-01 0.00000000e+00 2.72623003e-01 2.01631874e-01
 4.08228695e-01 5.34424931e-02 2.70676821e-01 3.47250670e-01
 0.00000000e+00 9.60899889e-03 3.79429638e-01 9.65389609e-01
 0.00000000e+00 0.00000000e+00 8.42829645e-02 5.75722754e-02
 0.00000000e+00 3.63112688e-01 0.00000000e+00 3.23639512e-01
 2.76886553e-01 7.01955318e-01 2.28274405e-01 3.21165383e-01
 0.00000000e+00 4.94947508e-02 0.00000000e+00 0.00000000e+00
 5.42404413e-01 5.03808439e-01 0.00000000e+00 4.28917229e-01
 3.73881012e-02 0.00000000e+00 3.50756586e-01 6.47658646e-01
 0.00000000e+00 0.00000000e+00 1.37938425e-01 1.23549938e-01
 0.00000000e+00 2.14031786e-01 0.00000000e+00 0.00000000e+00
 0.00000000e+00 0.00000000e+00 4.66164947e-02 8.62090051e-01
 6.65271163e-01 1.26821887e+00 0.00000000e+00 2.43166015e-02
 1.05551407e-01 7.29138851e-01 0.00000000e+00 0.00000000e+00
 0.00000000e+00 1.43918201e-01 0.00000000e+00 4.61591870e-01
 5.22836328e-01 3.17088664e-01 4.36838388e-01 0.00000000e+00
 0.00000000e+00 0.00000000e+00 3.50842088e-01 0.00000000e+00
 8.80846679e-02 0.00000000e+00 0.00000000e+00 1.04184830e+00
 0.00000000e+00 1.76943690e-01 0.00000000e+00 0.00000000e+00
 2.40352228e-01 1.60583472e+00 0.00000000e+00 6.66666667e-02]
[1.20000000e+01 4.00000000e+00 0.00000000e+00 0.00000000e+00
 0.00000000e+00 0.00000000e+00 0.00000000e+00 0.00000000e+00
 2.57754683e-01 0.00000000e+00 3.11441183e-01 0.00000000e+00
 0.00000000e+00 0.00000000e+00 4.93994430e-02 0.00000000e+00
 0.00000000e+00 0.00000000e+00 1.36600673e-01 4.16071236e-01
 3.55891705e-01 6.48170710e-02 0.00000000e+00 0.00000000e+00
 0.00000000e+00 0.00000000e+00 0.00000000e+00 0.00000000e+00
 7.13699013e-02 0.00000000e+00 0.00000000e+00 0.00000000e+00
 5.77307224e-01 0.00000000e+00 0.00000000e+00 0.00000000e+00
 0.00000000e+00 0.00000000e+00 2.91975945e-01 8.27221125e-02
 1.67302907e-01 2.20076740e-02 0.00000000e+00 2.44594634e-01
 0.00000000e+00 1.13206148e-01 5.49093336e-02 3.22407216e-01
 2.70033062e-01 5.98375440e-01 0.00000000e+00 6.34881794e-01
 1.22934297e-01 0.00000000e+00 0.00000000e+00 0.00000000e+00
 0.00000000e+00 7.98128694e-02 0.00000000e+00 0.00000000e+00
 0.00000000e+00 3.46668214e-01 2.64584124e-01 0.00000000e+00
 1.46439970e-01 0.00000000e+00 4.51569438e-01 6.39724135e-01
 0.00000000e+00 2.45427296e-01 4.66496229e-01 0.00000000e+00
 0.00000000e+00 1.60526335e-02 0.00000000e+00 2.06046596e-01
 0.00000000e+00 0.00000000e+00 1.36393264e-01 0.00000000e+00
 0.00000000e+00 0.00000000e+00 1.06278822e-01 3.59876871e-01
 0.00000000e+00 0.00000000e+00 0.00000000e+00 0.00000000e+00
 3.65552306e-03 0.00000000e+00 0.00000000e+00 2.55248964e-01
 2.93994904e-01 0.00000000e+00 0.00000000e+00 2.22919896e-01
 0.00000000e+00 0.00000000e+00 0.00000000e+00 0.00000000e+00
 0.00000000e+00 2.67081887e-01 0.00000000e+00 2.11089440e-02
 1.97421253e-01 6.91412315e-02 8.93552452e-02 3.70518684e-01
 1.30299464e-01 0.00000000e+00 6.60993934e-01 2.25544482e-01
 3.10155265e-02 2.69016027e-01 0.00000000e+00 9.34458897e-02
 0.00000000e+00 0.00000000e+00 0.00000000e+00 0.00000000e+00
 0.00000000e+00 0.00000000e+00 0.00000000e+00 1.74376741e-03
 2.99566537e-01 0.00000000e+00 2.90514410e-01 0.00000000e+00
 5.52706085e-02 2.44079567e-02 1.47219390e-01 0.00000000e+00
 0.00000000e+00 1.48218662e-01 0.00000000e+00 2.00000000e-02]
[1.20000000e+01 4.00000000e+00 2.40000000e+01 3.70000000e+01
 5.20000000e+01 0.00000000e+00 0.00000000e+00 0.00000000e+00
 0.00000000e+00 1.03924796e-01 5.42471766e-01 3.61719996e-01
 0.00000000e+00 3.13187301e-01 2.26716548e-01 0.00000000e+00
 0.00000000e+00 0.00000000e+00 2.92055786e-01 9.78773758e-02
 0.00000000e+00 0.00000000e+00 0.00000000e+00 0.00000000e+00
 2.59876549e-01 0.00000000e+00 1.51560411e-01 0.00000000e+00
 2.71718681e-01 2.48937637e-01 0.00000000e+00 0.00000000e+00
 0.00000000e+00 3.64985824e-01 0.00000000e+00 0.00000000e+00
 0.00000000e+00 2.96805799e-01 3.17382276e-01 3.37235361e-01
 0.00000000e+00 5.68173707e-01 6.94186985e-02 1.20564520e-01
 1.74448416e-02 0.00000000e+00 1.90277174e-01 7.76853204e-01
 0.00000000e+00 0.00000000e+00 0.00000000e+00 0.00000000e+00
 0.00000000e+00 0.00000000e+00 0.00000000e+00 0.00000000e+00
 6.74017221e-02 1.08135402e-01 1.40900552e-01 5.68511963e-01
 2.20364481e-01 2.56982148e-02 0.00000000e+00 0.00000000e+00
 0.00000000e+00 4.88179505e-01 0.00000000e+00 0.00000000e+00
 0.00000000e+00 0.00000000e+00 8.07753056e-02 1.42939359e-01
 3.99512440e-01 0.00000000e+00 0.00000000e+00 0.00000000e+00
 7.28988647e-03 1.90750137e-01 1.36658812e+00 2.21447647e-02
 6.22790873e-01 0.00000000e+00 6.18499577e-01 0.00000000e+00
 7.90931284e-01 5.26649803e-02 2.01000631e-01 3.97697359e-01
 0.00000000e+00 4.80283350e-01 0.00000000e+00 0.00000000e+00
 6.61943436e-01 4.18939233e-01 0.00000000e+00 5.29040098e-02
 1.18000075e-01 7.91671932e-01 0.00000000e+00 1.19075067e-01
 0.00000000e+00 6.38624012e-01 0.00000000e+00 2.57354051e-01
 8.10619712e-01 8.36978734e-01 0.00000000e+00 0.00000000e+00
 3.62445414e-01 0.00000000e+00 0.00000000e+00 3.78126651e-01
 5.82171440e-01 6.96364567e-02 2.01375708e-01 2.80192494e-01
 0.00000000e+00 3.03239763e-01 1.30176663e-01 3.99213284e-01
 4.57114935e-01 0.00000000e+00 4.86267805e-02 1.59577131e-02
 0.00000000e+00 0.00000000e+00 8.02699864e-01 0.00000000e+00
 0.00000000e+00 7.25531057e-02 0.00000000e+00 0.00000000e+00
 0.00000000e+00 0.00000000e+00 6.23587012e-01 6.00000000e-02]
[1.20000000e+01 4.00000000e+00 2.40000000e+01 3.70000000e+01
 5.20000000e+01 4.30000000e+01 0.00000000e+00 0.00000000e+00
 9.36424360e-02 4.76058006e-01 0.00000000e+00 0.00000000e+00
 0.00000000e+00 0.00000000e+00 0.00000000e+00 0.00000000e+00
 2.12525025e-01 8.63676250e-01 3.75565961e-02 1.34692058e-01
 1.41335428e-01 0.00000000e+00 5.87240815e-01 2.06345364e-01
 0.00000000e+00 2.12561250e-01 0.00000000e+00 5.31395301e-02
 2.09258273e-02 3.14953178e-01 4.86797839e-02 2.47982666e-01
 2.73033082e-02 1.61020935e-01 0.00000000e+00 3.59523445e-02
 2.32888207e-01 0.00000000e+00 5.39254621e-02 2.73441195e-01
 6.56470656e-02 1.00327760e-01 2.59608179e-02 0.00000000e+00
 4.22379196e-01 0.00000000e+00 3.99865746e-01 6.19666696e-01
 0.00000000e+00 0.00000000e+00 0.00000000e+00 3.79185006e-02
 4.32799533e-02 3.46219540e-02 0.00000000e+00 0.00000000e+00
 6.08185828e-02 0.00000000e+00 3.83817792e-01 2.37750381e-01
 1.61821455e-01 0.00000000e+00 7.03325719e-02 0.00000000e+00
 0.00000000e+00 0.00000000e+00 5.45789421e-01 2.25917324e-01
 5.27250022e-02 0.00000000e+00 6.91722035e-01 2.30852626e-02
 0.00000000e+00 9.86474812e-01 6.07667685e-01 0.00000000e+00
 1.03273916e+00 0.00000000e+00 0.00000000e+00 5.76531470e-01
 1.01637578e+00 0.00000000e+00 0.00000000e+00 0.00000000e+00
 6.36209130e-01 3.91681582e-01 0.00000000e+00 8.93711567e-01
 0.00000000e+00 0.00000000e+00 0.00000000e+00 4.97145087e-01
 7.51955628e-01 0.00000000e+00 0.00000000e+00 0.00000000e+00
 5.01847565e-01 0.00000000e+00 1.74561635e-01 0.00000000e+00
 6.98098898e-01 0.00000000e+00 0.00000000e+00 0.00000000e+00
 1.32587269e-01 1.18888807e+00 0.00000000e+00 0.00000000e+00
 2.73005933e-01 5.80287635e-01 0.00000000e+00 8.31314325e-01
 3.37634087e-02 0.00000000e+00 6.82127059e-01 0.00000000e+00
 0.00000000e+00 7.56782472e-01 1.05022155e-02 0.00000000e+00
 1.52243182e-01 2.15608239e-01 0.00000000e+00 0.00000000e+00
 0.00000000e+00 0.00000000e+00 1.34648472e-01 0.00000000e+00
 1.33285329e-01 5.82404077e-01 0.00000000e+00 0.00000000e+00
 3.63271624e-01 0.00000000e+00 0.00000000e+00 2.80000000e-01]
[1.20000000e+01 4.00000000e+00 2.40000000e+01 3.70000000e+01
 5.20000000e+01 4.30000000e+01 1.80000000e+01 7.52174333e-02
 4.21944618e-01 0.00000000e+00 3.99222136e-01 0.00000000e+00
 4.28694069e-01 0.00000000e+00 0.00000000e+00 2.11389333e-01
 0.00000000e+00 0.00000000e+00 1.49844453e-01 8.19572359e-02
 0.00000000e+00 0.00000000e+00 8.77473131e-02 0.00000000e+00
 1.72607318e-01 2.30788231e-01 0.00000000e+00 0.00000000e+00
 0.00000000e+00 3.26249748e-02 1.86261803e-01 2.02958345e-01
 4.14101601e-01 0.00000000e+00 4.53168333e-01 2.57641613e-01
 1.74612433e-01 2.27814719e-01 0.00000000e+00 1.16282746e-01
 6.32412672e-01 0.00000000e+00 2.28081599e-01 0.00000000e+00
 0.00000000e+00 7.58005232e-02 4.85788941e-01 0.00000000e+00
 4.03889477e-01 8.35589617e-02 0.00000000e+00 1.44364610e-02
 1.00975282e-01 0.00000000e+00 0.00000000e+00 3.16365182e-01
 1.78725407e-01 0.00000000e+00 0.00000000e+00 2.27919668e-02
 7.09434077e-02 0.00000000e+00 4.74032164e-01 8.63749385e-02
 1.54485792e-01 0.00000000e+00 0.00000000e+00 0.00000000e+00
 0.00000000e+00 9.74923372e-04 7.34107643e-02 0.00000000e+00
 7.38730729e-01 0.00000000e+00 0.00000000e+00 9.50913280e-02
 3.25417042e-01 0.00000000e+00 0.00000000e+00 8.47042263e-01
 0.00000000e+00 0.00000000e+00 2.26315856e-03 2.16164455e-01
 0.00000000e+00 1.17995536e+00 7.99730003e-01 1.11817694e+00
 0.00000000e+00 8.78264010e-01 0.00000000e+00 1.09679759e+00
 6.97029829e-01 4.65511292e-01 0.00000000e+00 5.27067423e-01
 0.00000000e+00 5.96578896e-01 1.28076351e+00 0.00000000e+00
 0.00000000e+00 3.22729260e-01 1.20564961e+00 3.03971320e-02
 0.00000000e+00 0.00000000e+00 0.00000000e+00 1.63730904e-01
 3.87666702e-01 0.00000000e+00 0.00000000e+00 1.18422642e-01
 7.49540448e-01 0.00000000e+00 0.00000000e+00 1.29949558e+00
 2.05915749e-01 0.00000000e+00 6.39801979e-01 0.00000000e+00
 1.00138497e+00 1.37073159e+00 0.00000000e+00 0.00000000e+00
 0.00000000e+00 1.07168484e+00 3.36650312e-02 2.85258770e-01
 0.00000000e+00 2.35958397e-03 6.62949383e-01 7.46391296e-01
 0.00000000e+00 0.00000000e+00 0.00000000e+00 4.66666667e-01]
